5.101653276847935986e-02
1.996338102928005287e-01
3.910946015131196163e-02
1.116457109036549447e-02
1.289771653908386093e-02
4.292617955795690297e-03
1.245373328629383828e-03
5.444036039126107056e-03
3.179017287331498565e-03
5.479482929051675971e-02
1.748196974274406762e-02
3.178292756905163642e-03
4.705511596681540010e-02
4.159296854714673586e-01
8.441971540441163546e-03
1.572950274346018602e-03
4.166236842372914029e-02
1.040667180541837017e-04
1.098133453918842669e-03
5.738310299481200888e-02
6.987413563107961522e-06
2.598271402682019587e-02
3.720576035186228458e-04
2.630581167198372226e-03
1.791065023882029001e-04
3.158604611308291066e-02
5.039725861375275034e-04
7.877955890347686924e-03
6.827209535672135003e-03
4.555947757526605801e-02
8.969052820322641123e-04
1.898969695298863324e-03
4.895971610121597345e-02
5.470989577458043482e-05
7.069030427543951216e-04
1.005430634416926708e-04
6.536330575492273545e-03
1.346610645863366984e-01
3.824856297884134202e-03
1.744528479684114008e-02
7.952951691002742643e-03
1.884681564791247817e-04
8.257448589650027504e-04
1.650081901208214075e-02
7.876465455218389922e-04
7.616478988845190720e-04
6.910057756859645794e-02
1.384343670197133802e-03
3.076613673159122046e-04
2.744399069111362957e-02
4.444023374286802386e-01
7.392203905051234446e-03
7.952918936759645558e-04
2.048220471837466083e-01
8.015284820745073591e-02
9.509649807263388958e-04
6.140304231115069865e-03
5.728251280919065096e-03
1.291794402255835438e-04
3.127791028140981724e-03
5.294710080781368192e-05
8.590875228732649995e-04
1.423226350642340992e-03
1.780618965686821958e-02
1.507152722640429856e-04
1.545996759088359152e-01
2.579714035613740568e-04
9.125985234955768903e-04
3.986672687428372171e-03
3.256834030170667298e-03
2.438729438757851389e-03
1.265471653987558336e-02
5.445792396807504036e-04
3.004580481348518434e-02
9.011019827926040893e-02
2.150901377478593452e-04
2.549262538184717116e-04
1.860736878347467663e-04
2.269977239338611709e-03
4.486483024896182475e-02
4.704000716373388236e-01
2.178935065052565317e-02
8.437123935073928375e-05
6.428740364762597142e-04
5.159147159241773300e-05
1.191558061048356371e-03
2.686517193923871130e-02
1.859034323254302689e-04
1.545976457020824518e-03
6.409093573178115686e-04
5.141636079521665070e-02
8.831012494706154403e-02
1.895895426703911443e-04
8.109414326884561638e-04
6.801880704401311872e-01
1.264560243386438076e-01
2.641559976347677323e-04
4.497127186693118499e-03
4.138464215133191978e-04
3.311953569946535919e-02
1.342950423038309768e-03
2.244951358117113979e-02
5.322353403867954164e-02
2.208932817402232095e-03
5.733454221320976978e-03
8.972672055410924876e-04
1.396348975244128673e-03
1.459849485116335383e-04
1.154581088122375379e-02
6.872024445748311974e-04
9.575280566794307918e-03
6.723183162430455676e-05
6.475267390392083506e-04
2.946598797358169434e-03
1.843468681435316583e-05
1.628414364746998567e-03
3.628087590119617040e-02
6.811951936255362106e-06
3.076139634769362811e-03
1.166417752934612861e-01
9.183564008763443005e-05
5.592214176644302133e-04
1.070324151643703772e-03
2.544100782224006235e-02
1.831401682670851655e-02
1.502391923377723211e-02
8.701466709787322382e-03
9.610361554737167911e-02
4.668436304772271097e-04
5.748669600566993360e-03
1.618050565969010807e-03
1.783802457637513085e-03
2.073309517525096790e-01
4.753203398564098507e-03
8.290529822334339553e-04
1.450931147946848791e-02
2.587116500206069580e-04
5.233569239681316008e-03
3.310451083765752778e-05
3.921908957258697756e-04
3.296091276220825743e-04
1.354310986728541645e-02
5.183519225445077684e-03
2.638937216408525268e-03
2.497260886074784787e-04
1.510504623656358622e-04
1.533878261117496786e-03
3.806503926860604903e-03
4.179507250678437050e-04
8.066389359135579112e-03
8.376126982078822142e-03
2.089905266089675903e-05
5.275214585796599021e-04
4.465322134023612524e-05
2.493112110709947149e-01
2.058452343072247198e-02
2.003670754803613206e-03
6.526951068963386786e-06
1.489884336552813092e-03
1.266781130826744647e-03
1.260628251476791917e-01
3.763902188587983188e-04
7.317372404483393441e-05
6.644037359161770843e-03
1.148959436429547844e-03
3.830160308836852434e-01
7.501585008949683076e-04
1.119699562235679496e-03
1.265904427642145770e-05
3.517739237575716674e-03
3.595331956044492492e-03
3.371110968424635267e-03
1.714516046285845530e-01
1.975900009559187261e-03
1.298743035412225078e-01
8.720632313101683852e-02
1.040436441678783408e-01
2.460662643072410172e-02
3.060827836569810292e-02
4.302563319287834587e-03
4.931555275406024168e-03
1.930865973340166464e-02
1.386690182670680116e-02
1.978011170975062672e-03
1.690966857572289150e-01
6.698116450282998440e-04
1.140794077630783517e-04
1.438585607320868806e-02
8.527556278618230422e-04
1.623124819598073748e-03
5.054359252989206835e-05
2.009355152823666477e-03
6.850899772776614105e-04
2.331134992083682084e-04
6.774667710112866614e-02
8.677322094178783216e-05
4.802625678623144803e-04
7.053588016553449802e-02
1.252535179379367647e-01
2.236645612495550411e-02
1.260109391279408408e-02
6.279522022044237151e-03
2.759025594981893200e-03
1.523185384890805676e-02
7.762230665251769642e-03
5.659762900161827148e-02
7.850336380970937555e-02
3.183560540835389530e-02
7.257772614949618145e-03
4.938476504204671741e-03
6.616328972615545491e-04
5.150626201213888460e-05
5.351419027266651231e-03
2.997982393291324585e-02
1.966452506730331437e-02
9.074731901375246088e-03
8.747558674816798691e-03
1.198305812261216390e-03
1.307040523543863842e-03
1.129141226393868686e-01
4.671247598495464025e-03
2.002782359767146889e-03
5.040127310379667429e-03
3.501843302334431505e-04
6.079701811656876981e-02
5.137305888227298306e-02
4.630991216676955124e-02
2.802512594114701938e-03
2.175150470913700222e-03
1.907041695218946592e-03
3.167970862022805034e-02
1.510317383210877003e-02
4.168738827156463940e-03
5.727291918139473109e-03
3.423704811635578521e-02
2.689778974028538255e-03
7.432908031675471497e-03
4.020874292451347143e-02
1.118245421225208015e-02
5.453894391914269657e-05
1.462175687656167705e-02
8.087005215605612765e-03
1.818115763402425832e-03
5.583510790904656733e-03
1.404850841518658598e-02
8.389455384030376495e-01
1.889221848142524224e-02
5.389173510226102914e-02
2.863602016328526192e-02
1.459207262675528936e-02
8.124852692915842875e-03
1.436703125960466232e-01
2.232520556134116451e-04
2.661046922598449055e-04
1.788202462858440398e-03
1.025117296853548035e-02
1.881521576768437065e-02
4.762859717638218311e-03
2.736479904575364803e-04
1.596161877652791256e-05
4.304249670608197020e-03
1.200782058021673815e-02
8.807068817588304820e-05
5.090638556365119360e-02
1.880081982554025061e-02
2.092848661787818140e-03
3.929829686736107243e-04
9.058993264425356517e-02
2.186202135940693708e-02
1.795255716031490768e-03
9.902301830282565429e-03
1.577258344486211911e-03
9.384999227476955013e-04
4.150516923084540157e-03
9.493926449415481580e-04
7.083802888876243598e-03
1.083940648452502362e-02
9.638750027284502531e-02
1.330458692385526246e-05
1.510911340438109152e-02
1.191588592798889790e-01
1.692761287864561967e-02
9.222406608301888728e-03
8.859406537338888887e-03
1.366185127152474282e-02
6.512949803256272777e-04
2.015725605999870440e-01
1.952488468145331321e-02
2.609268977597831510e-02
2.384603617622012457e-03
2.210931139100112577e-04
3.656572726688110046e-04
2.016864456628920249e-02
3.654327506229468250e-03
3.386619563494162877e-02
7.205420837695362978e-05
5.349879658155463208e-02
1.212787969032241413e-04
1.989584218242074990e-03
1.826518872165969936e-03
1.988115143503763754e-02
9.493092448969919772e-02
1.022402412752840750e-03
4.440620356777867823e-03
9.745998759422379440e-04
7.226778248673666511e-05
1.299682307801675735e-02
3.350643225601038656e-03
2.232448687386848988e-03
6.982707529970824060e-04
3.729949936304262359e-02
1.680795050520899269e-04
1.850082923101124474e-02
2.000591925073694904e-02
3.381959455489579080e-05
3.072968562850191508e-03
4.028762323955710489e-02
1.399806106094646490e-03
1.450615037240555862e-05
5.170170237443953796e-04
7.962607906038289551e-03
5.927445834818603505e-04
1.416863748685898705e-01
8.201771622877970834e-04
5.475417405375329442e-03
5.180951428303466957e-03
3.506579341978219300e-03
9.664972177805612166e-05
2.519783520272257833e-03
3.376427583346511274e-02
2.764977081070709667e-03
2.755788133338979624e-04
1.444001615351178484e-02
1.645732268484206612e-04
2.201748776099407556e-02
9.328464708951592077e-02
1.561860075331455197e-04
4.301170471637260381e-05
1.697960486451284279e-01
1.141717845038910661e-01
2.428378768897109758e-05
3.343123551691116438e-04
3.318895758391761375e-02
1.586924000161693982e-03
7.060007978728136124e-02
4.563750407763549066e-02
8.799531454546594134e-02
1.100983983631551866e-01
8.507470097847165402e-02
1.527454678661712556e-02
1.234241438463188516e-04
2.886207641213941327e-02
6.436578840437224842e-05
5.161863742035894577e-03
6.452078890769338271e-01
1.245406609815287273e-02
3.943281611867878178e-01
5.883067533113317017e-03
1.555849340229173428e-02
5.093561855425925478e-06
2.448119306856599522e-05
5.185842291437980922e-02
8.547152833079771916e-01
1.772765413167254611e-01
6.089323643380725867e-04
2.127585613050959207e-04
3.320526089440129424e-04
4.738360705594665129e-02
7.305039929185005998e-02
3.933533272534602649e-04
4.275812784502912994e-02
4.191315145071801938e-03
2.728395309691127868e-01
1.481756262099759025e-05
9.054358110867871505e-04
1.070448016506714772e-04
3.029025088698143048e-02
8.855261928301601942e-03
1.747849938451027062e-03
9.631655232694166791e-02
3.049525579519165447e-02
3.350037941332247330e-04
4.265542689793624248e-02
2.401867897574920876e-03
5.301844893946185133e-02
9.586925069651032194e-01
1.762567983571207593e-03
3.208258129481502633e-04
2.192539173998420687e-01
6.076210402661272880e-01
1.377906469915602663e-03
3.495534742319423497e-04
1.493870041233697106e-02
2.463391893376775874e-03
6.949601323371898181e-04
5.944047572094395687e-02
4.095508884702711572e-03
7.876016645501495578e-03
7.312866996914157459e-03
9.901752364178825760e-03
6.575580969663812059e-02
5.195278549254873229e-02
8.684177667384291937e-05
4.494849522137236097e-04
1.400531292356678578e-04
1.851283231627989107e-02
1.636008541089319090e-02
3.488413893294756846e-03
5.112430099354824120e-02
3.487855422546228684e-02
1.792488462047654328e-03
9.347525265971080854e-03
9.543535203635369890e-02
9.899466276653368178e-04
1.087046496162828420e-03
1.502800883780482447e-02
5.144010878178417040e-02
1.134448513589144010e-03
5.175854061627991470e-03
8.946334314938399375e-04
1.007935531014729838e-02
5.181200328603002619e-04
2.716028352605690411e-03
1.250902981361255793e-04
5.145532015902770824e-04
5.748022867391849302e-04
9.973246413323417006e-03
2.157223948167635765e-03
1.814359014272816850e-03
3.000879452926434876e-01
5.638204081571610571e-01
7.796611053186460610e-03
1.148855099717351005e-05
4.805670721397059010e-03
6.073474953367666643e-03
4.363406133446616941e-04
4.636630866276315530e-03
1.176325317571851325e-01
6.335947090555843399e-04
1.682094361944109356e-02
4.316409635802067463e-03
3.345705874736101121e-02
1.057630331426250616e-04
7.777829473403373786e-03
7.779431310058565691e-04
3.429924160896634117e-03
5.173813991959015125e-04
6.373124630106009013e-04
2.860296326615950776e-04
1.860539239708957140e-02
1.981229005754436487e-02
6.814854655419184948e-02
1.291421855520260946e-02
3.117407706253904308e-03
1.403666790331826271e-03
2.527333710893740759e-02
6.384654467151078538e-01
3.264128967050598101e-02
9.701956240706082965e-03
8.512587993268854163e-04
1.495958176873679905e-03
6.133617091099496064e-03
2.888660436599861658e-03
7.276742589465281597e-04
5.338545838818475496e-04
5.435969217855455594e-03
1.446572712941900693e-04
8.768716195851577327e-03
1.496945114292409437e-02
3.778957612464987252e-04
2.430624186507823400e-02
2.197955727653964214e-02
2.470959134246446427e-04
1.294457235642969435e-04
2.241596321537313048e-03
3.218490644565446396e-02
5.289203022411924013e-03
1.543687426479436325e-02
1.128621562020040107e-03
2.595083454667327315e-04
7.607881047117995418e-04
3.327133044728912870e-04
2.524907876258348496e-04
4.397917683727246146e-03
2.592132103454462544e-01
2.928429494170606100e-03
3.352175347355455803e-03
6.087002628981543623e-02
7.397128185019901520e-04
4.232100499278227356e-05
2.407684474886657711e-01
1.857805330515129374e-02
2.389966691519147465e-02
3.650720706744846333e-02
4.706152759529797115e-05
2.848186440504804889e-03
2.650815666396660018e-03
8.139533677973334602e-03
2.229015583171836401e-01
4.588000384591940661e-05
1.603812516903758978e-03
1.860914664843897962e-02
5.297138063782083628e-03
2.909761581459910880e-05
1.937366505103339407e-03
1.750869685267812334e-04
1.018887161304937033e-02
2.205369425627664616e-03
2.134997197197640792e-02
3.223733810239254316e-02
9.600028131028759404e-02
3.486557937576187371e-01
1.356511113088424824e-03
1.970881277809436449e-01
2.620215438877126438e-03
1.772670722352640872e-03
4.707408406261228925e-04
1.042869218333069105e-04
8.640366091539601612e-02
9.686046243536910875e-05
1.308158870879099454e-02
1.848944578803290301e-02
6.108434546978991873e-03
7.927671679149983497e-02
6.021145720197736834e-02
2.487531445195018294e-04
2.273466327818094573e-02
9.616620000738923177e-05
1.131704682155556270e-05
6.202041632328058121e-04
1.539087381456743326e-03
1.063339499296055840e-03
3.897289867900278299e-04
6.021410396342528892e-02
6.121801110185476910e-04
6.591675597902763029e-01
5.418398830545974494e-04
2.981323162953338022e-03
4.180929780016545499e-04
8.114328164876005722e-04
3.849160498214532905e-04
9.164142230645194731e-02
5.095114078840673770e-04
2.669408683010551179e-03
3.169922885775451338e-01
9.086158952428542279e-04
7.303344759240412969e-04
1.644559426237407820e-02
1.605759400862503267e-02
1.539028788991218940e-03
3.500061244106487983e-05
3.691700947192151552e-04
5.012794995579586757e-03
1.925448109733867298e-04
1.662503686243732050e-03
6.970666764803470916e-04
7.531243149186316261e-04
3.720669053858588937e-04
4.041091735792360978e-04
3.142562894836916916e-04
1.493967567816743998e-04
9.175125682278189795e-03
2.353342740420402354e-02
1.582760922426545145e-04
3.134017564085363472e-01
2.125333524682199507e-02
2.975599683457621440e-03
2.976215605102018342e-03
4.198727237675384770e-04
3.009534043831937900e-02
1.550084904338449362e-03
1.822209354363647782e-03
3.440656992537552200e-04
3.374120876474370201e-01
9.328070618137266137e-03
6.682920601500462465e-03
9.686761116517113345e-04
9.808842209216216295e-06
7.504381698533749145e-03
8.750710844631047480e-04
1.797138844043782828e-04
1.543558970085683437e-03
6.048137453034855377e-05
5.151058403163565058e-02
1.330949612489474611e-03
1.511917385051629592e-01
1.295846977383475346e-02
4.311927636744653652e-02
9.868627078818289176e-04
5.096217340053873189e-03
3.026625347139325073e-01
1.140762842415050070e-03
4.836518114819968357e-03
3.465885562139849885e-01
7.553550754677236523e-03
9.696296263185009783e-05
2.508284672836452386e-02
4.505143268834444804e-03
8.278239584513276059e-03
1.922570313594791983e-02
1.047056268127836802e-02
1.257694629354988490e-04
4.677051393309787294e-04
2.305028734227198423e-02
2.322901527717858849e-01
1.616224481960593096e-02
1.480033099244271177e-03
4.441613448871273122e-03
8.594403136674055779e-04
4.355808635095084996e-04
5.473592999814504145e-02
6.421816675639392402e-01
1.446377674100778987e-04
1.663251604669507258e-04
6.951044589899774183e-04
2.870446858385279111e-03
1.513922768174462636e-03
2.417626499541441554e-04
7.285598217337836864e-03
7.895970609611858981e-02
4.936503745655952402e-01
2.260982104646608792e-04
2.896643255579084072e-02
1.443811083120096557e-04
4.498020330718235926e-03
9.606876482370326278e-03
1.124420343999218627e-02
1.414638872054424686e-02
1.720537798290923126e-01
2.366245417603921660e-04
1.497375625446367448e-03
7.854787752045885862e-03
1.768286441941534781e-01
1.531714553362590280e-04
5.260674282186702730e-03
1.459267647931502254e-05
7.948839024254480880e-04
1.482105994964961386e-03
1.667602245071885762e-03
7.546477435340381585e-04
4.561247065224267178e-02
1.386100259264395936e-05
2.136066943122979719e-02
3.309792663726390783e-04
9.333828626123776701e-03
3.015759323779633005e-04
2.044798757657764407e-02
3.100975171187782264e-02
1.352421566757187610e-01
4.281230772276174560e-04
1.997129239431954806e-01
1.124634329249932230e-01
1.909126452542052876e-01
3.017507629435361473e-03
1.396487469945207061e-01
7.046722460996039574e-04
1.706556988504205064e-01
5.047359691582554639e-03
1.166800384778886659e-03
3.963802560094569567e-06
1.275895448023324583e-03
9.359053035335341414e-03
2.098613109233001591e-03
6.051998188452603622e-02
1.614863022001666870e-02
4.767080899197571366e-03
9.216418684754304133e-04
2.368296342522275416e-02
1.188328543162029891e-02
4.364382995718904534e-02
2.848823070864096516e-02
8.023026425920632906e-03
5.059057021577200580e-02
9.804634755005234986e-04
3.765867470165886041e-04
2.044689519005291794e-04
1.839324874416821409e-02
9.825281484897269157e-02
1.827386286116786801e-02
4.040537608564034183e-02
3.883495685466559211e-02
1.630226839019175181e-04
1.352222192556798777e-03
4.891927125967803804e-03
1.958697582237726165e-01
9.485154887051367237e-03
1.349778591334066247e-01
2.465622433553221748e-03
5.371460294807652892e-03
4.993293763300064858e-03
2.208083616211502925e-02
8.181308110659967284e-03
9.805432433831511724e-03
6.156203459323154187e-02
2.873630836956587000e-04
1.186292598042132038e-02
1.497095158714124028e-03
6.251163606399953753e-05
1.972279831846625504e-04
9.249080898538230601e-04
1.598178074651558601e-04
4.183028170676940556e-03
2.117544841284686383e-02
1.571342058513694635e-03
1.089432473437795292e-02
9.205071700634378205e-04
6.834027503774405335e-03
1.143710634337339639e-03
4.537425385184661736e-02
7.419592950960435642e-04
9.861569296713272870e-01
7.079279988226796355e-04
1.559472541488749083e-04
4.731771025877451291e-04
3.935958818746166168e-03
6.169233566501405308e-01
1.224603457559923650e-03
1.886324534423056143e-02
1.739107885705328330e-02
3.918729369309882637e-02
1.289228391336814245e-02
2.656954347872473102e-02
1.789682646834836466e-02
1.292293855284103697e-02
6.072148421553429619e-03
2.887350366838908758e-04
9.415729533615932109e-03
3.029403026904881058e-02
1.297421399754437356e-02
4.289897255006295249e-04
8.183494006770333350e-04
2.054059172570996562e-03
1.468263988872953560e-05
1.768447166338140341e-03
3.058986904805925319e-02
3.612700261396986894e-03
5.483873145656238809e-04
1.833677432930383086e-02
6.070106321723896248e-02
3.856956591140705409e-02
3.795184518813998764e-02
6.374524529679991502e-05
1.558979581984284990e-02
1.272887000444467053e-03
1.526013013417439924e-02
2.175010317125029152e-03
9.000052362966330308e-03
1.000954851240640486e-01
1.297710287501124783e-03
1.498322415978115300e-03
1.835202292345973138e-03
1.530633116203140853e-01
1.058214306050184005e-04
3.527410087439966321e-04
2.485327776768981450e-02
2.955737730467989212e-04
4.844363557392581399e-01
6.717480786890850375e-02
2.468133135105455081e-02
1.072053813681011570e-03
1.371783656588710168e-03
8.272632800553349555e-03
4.673054809240253377e-02
6.178763863636913976e-05
3.695913097533378398e-03
3.168646721215835974e-03
3.582670135557390438e-03
1.963927613912562573e-03
1.194305765315144610e-02
5.695162333323178228e-02
7.800035928635254412e-02
2.406843668533310485e-02
4.515796915691144831e-02
3.153684634948245860e-05
2.566067338044246567e-04
6.870423174083887564e-03
2.921067366335589749e-02
1.413983028141150818e-03
1.269539023757247642e-02
6.135180152207206968e-04
4.132880729762762714e-04
2.333868140584359485e-03
3.789639029546319066e-02
1.761494321203198104e-03
7.264114366516407836e-03
4.772393472061870270e-03
3.732522990380904727e-03
4.677266878889114825e-05
1.156144396946515440e-01
5.827313523663017877e-04
8.912497165762308521e-03
7.003501847415904459e-03
2.025084179120535330e-02
2.596093207331372568e-02
8.821631850845777778e-02
8.974657863060423943e-03
3.203523831521664462e-04
2.325265301417183197e-02
1.167570036550602021e-02
9.161941892218071178e-04
3.826287312639062635e-05
2.553694975130361283e-02
6.385460621033683601e-03
6.407598501669631644e-03
5.190490614264776708e-04
1.282745941049433811e-04
1.550149624780915170e-01
2.815683039922961236e-04
3.068937236294300088e-05
7.694258155689208964e-05
4.542895522237761635e-03
2.943878336823596217e-02
3.285466166902652630e-03
2.703259631512181516e-01
3.896540569776557605e-02
4.272781628985637681e-03
1.065399037486917076e-03
1.213377954344782225e-02
8.015828623708254330e-03
4.950895349059943745e-02
7.714037330768663304e-03
4.939328953097893785e-03
1.821492958541413298e-01
2.404714812037432939e-02
5.392504386631460250e-05
9.077159166358667302e-04
3.673426088738472768e-04
4.687218010470374182e-04
3.047946362795904071e-02
6.725833312097511040e-06
4.361192617964609235e-04
6.612253910632571313e-03
1.297336575152598787e-02
5.768490731013679040e-01
1.287891067975968922e-04
7.478508288725370032e-04
2.367596314833555842e-04
1.501580958180362357e-05
1.371120344390237833e-02
2.378200121006141324e-02
1.735510596615000571e-04
7.749019900050461152e-01
1.953621422513827422e-04
1.266895119078746571e-04
8.067823331235384615e-03
2.320486669336068591e-02
1.879496893814817764e-03
2.677012039910905972e-02
5.476709357406554790e-02
6.873270142850074552e-03
2.520998741042282214e-04
6.444847283219715985e-04
3.937398580665112829e-04
2.981554370682241301e-02
3.789644669459726369e-04
4.191865071117426532e-03
6.010404594628590731e-03
1.042296564340191578e-01
6.224274478676630057e-02
5.961990280425425413e-03
3.044218969239905273e-02
5.768282032640633696e-03
4.271736267417849953e-03
3.996266454616017412e-04
1.787147188097990469e-04
5.134331545325598054e-04
9.424280147152204468e-02
2.368637686937203821e-02
1.042083480511972124e-02
6.671691368918041508e-03
1.088486632263511783e-03
3.719891869249612737e-02
3.008557150248546055e-03
1.651793901412463910e-03
7.649417558728140946e-04
5.067366080766007042e-05
5.888979160786013758e-03
4.248003467597038081e-05
9.807455256841633977e-04
2.670982909197812220e-03
3.589771192980892832e-03
1.222232925751490923e-02
7.757560828343442599e-04
1.986873715491363642e-04
1.473741124543152033e-03
8.597587023525849956e-03
1.496999645079189201e-01
1.756420333237741511e-03
2.101606019963687174e-03
1.114844887154524438e-04
7.551263442586633040e-04
6.792202106678746571e-05
1.287086319742102806e-03
4.348950713061812585e-03
9.458660702275623750e-03
4.899306659491175359e-02
1.396505709169658105e-01
3.795753191175939463e-04
7.045280443486584814e-04
1.839235367607833238e-02
9.141456508106405102e-03
2.250200107446509532e-03
2.013155973605262308e-04
5.879550811319674952e-04
8.038144903541463108e-04
1.428517107448528832e-03
1.404681310822172326e-03
1.317524541104223706e-02
2.300894517180837040e-01
8.064304201343903966e-02
1.761986831814130183e-02
5.524071293770864595e-03
1.746073858364351195e-02
6.729177251945593326e-06
3.018911700149084013e-02
5.307482799936810158e-01
3.059600968173816771e-01
2.291934965231690741e-02
1.249452237927541889e-04
6.996462686687799888e-04
4.686164073335659201e-03
6.369013353741408319e-04
1.154911125634977982e-04
2.334102424331763875e-02
5.524822930787394188e-04
2.160921108662363505e-03
4.537787107712791534e-03
7.568646633757159002e-04
4.915342091987546548e-03
1.586650533761217187e-04
1.406150964400500018e-02
5.098228536093895626e-03
9.673376262276478336e-04
1.001885962082129655e-01
4.552704235888857531e-01
1.802313668692947374e-02
1.480279022872790610e-03
6.062909294141531451e-03
9.080082085761507333e-05
8.759704144157996752e-02
6.397130511190737964e-04
2.441006360175961357e-02
1.358805555116969488e-01
2.396260741107217596e-01
1.185467544516204423e-03
2.001408803768498224e-01
1.893167843458167529e-03
2.280369760722904943e-04
4.569473309112810980e-03
1.146525057748296777e-04
9.437129664669811902e-02
1.839213182319923356e-05
1.012065475413720443e-04
1.305459529008482931e-04
2.245500079831151555e-04
7.675002808437231218e-04
1.455497796833498184e-02
6.356280719775938247e-03
2.142084309328573175e-02
5.940532545675552591e-03
2.984739421962307460e-01
1.096293334671243243e-02
1.496109204149328000e-04
2.393341661647001187e-04
4.898791804576128894e-02
7.690997582260226614e-05
4.368604840875004933e-03
5.840077314555276516e-04
2.940064073989114577e-04
2.800281372149471606e-02
2.511296205502736023e-04
3.596549976748244365e-02
4.965495317445434847e-02
4.038981292893054943e-03
5.238643532188441178e-04
2.041031233681668208e-02
3.760325717922982647e-02
4.831786829364637971e-03
2.919078400086100311e-02
6.219119476572805907e-03
4.895084517814970223e-04
1.407575343917083282e-03
3.285766995612459198e-04
1.142558554464194638e-02
1.405117290751508784e-05
3.901055252434837851e-03
9.139310271485357406e-05
7.931465422193106820e-04
3.967316971797673619e-01
1.255576770939043074e-02
2.642019265920326349e-03
1.734611763685540368e-04
1.426934497873092724e-03
8.678220921139474103e-03
1.147927326619180462e-03
3.433186409946957854e-03
9.411873176424837700e-03
1.411834015947029607e-04
1.370475502810762636e-02
2.889131936708827508e-02
9.551791285614589233e-01
5.240076460421236870e-01
8.900615046532208696e-01
8.349617191244789183e-01
8.667495699102267803e-01
6.067905123018198232e-02
3.100593705398311251e-01
3.483709173938503989e-01
9.563593298257349051e-01
3.898691398736703340e-02
6.550883748421861830e-01
5.975594333173367412e-01
4.479159760202726381e-02
9.649652213831028114e-01
8.464440475943287856e-01
2.755892605154266345e-02
8.243155352214237563e-01
6.703126661913273443e-01
7.583700843543083048e-01
6.243741190922231787e-01
3.263117924037892137e-01
9.871798795599986409e-01
8.924771508870589232e-01
9.114711521794312266e-02
7.858341071567787051e-01
6.600960690405368592e-01
4.867668823067947681e-01
6.444212427595701342e-01
8.839756021737645852e-01
4.171086949492213702e-01
2.086809194245871080e-01
7.983821537822191061e-01
1.197657483814585089e-01
9.247977318118200118e-01
9.924461613362620671e-01
1.564412426262266065e-01
9.304012930704939066e-01
1.384894106497344957e-01
7.601312916417130028e-01
2.425312039634362760e-01
5.523868005369231282e-01
4.237332116837496526e-02
3.272061972449725187e-01
7.965944824370577715e-01
9.123208924101751383e-02
5.515319581285137440e-01
6.491645881646702643e-01
6.116303023961739971e-01
9.672437037516310454e-01
9.770790970119440644e-01
7.633591123504381848e-01
3.476809586660386531e-01
1.850061057572471579e-01
9.216648252998328461e-01
4.190178258707754066e-01
7.595420574338035413e-01
2.454585849325775226e-01
2.007343674578475901e-01
9.870866164708639312e-01
5.074518265785270543e-01
8.757953588100217956e-01
8.507703429535886652e-01
9.556034769794261585e-01
1.381454622777184005e-01
2.685006680379023458e-01
2.244816498469986155e-01
3.064778310871857717e-02
1.953106861917963122e-01
5.831411864834215031e-01
3.606274853793045021e-01
1.257314222520453106e-01
3.472550005075704105e-01
6.512108729118750716e-01
1.207934806316011966e-01
1.340459546567182303e-01
9.619189587343978110e-01
4.975205432971739894e-01
9.215222858606252343e-01
6.007388409660141537e-01
9.934899616971318848e-01
2.790459879655676767e-01
7.770634797267803595e-01
6.744760076387092962e-01
7.517773783569696722e-01
3.907369023541917841e-01
5.630029514546265323e-01
1.206523747049308565e-01
5.437287231415633970e-01
3.261075775563736234e-02
5.580386395009421241e-01
2.917756277748629334e-01
4.799103911465788658e-02
9.082119584355424768e-01
2.794207204574885584e-01
3.323560510194257245e-01
6.142022418870488609e-01
4.315392620149371417e-01
5.331597352841012105e-01
9.290668744889379882e-01
6.642760403488329191e-01
