2.869627020833419029e-01
6.913999395734293785e-01
1.791776369887065901e-01
3.461394111040032306e-02
1.074835668482350265e-01
3.761880283601869851e-02
4.385356177055448404e-03
1.955148832661056033e-02
8.787794424238848726e-03
3.421317606111247134e-01
5.939123846332416273e-02
1.100910423650899340e-02
1.682914750030409523e-01
8.937630919612531422e-01
2.192210124775764712e-02
5.286864135823693064e-03
2.571575056536042903e-01
1.462772341633111328e-04
2.234060254619532442e-03
4.544560615085330157e-01
2.996528398377206045e-05
1.800460052617792184e-01
7.836728883080316390e-04
8.933007076690332657e-03
4.595515154407978911e-04
1.783465664539374274e-01
1.033331030481160961e-03
4.340881263234974002e-02
2.397749500317975999e-02
5.124140232579671439e-01
2.078623876182854064e-03
5.916463667361546511e-03
3.452158316785570724e-01
1.025607836846532576e-04
7.576351401035651351e-04
5.483358549077605240e-04
2.976941921125388427e-02
2.464231055993280628e-01
2.017454428349279086e-02
1.179962999879935193e-01
2.040405687595511081e-02
3.201287194023088646e-04
6.155009179589609157e-03
4.935093101441036939e-02
2.994783632916149171e-03
3.372055869548648034e-03
5.066674351144936361e-01
8.981381579695127057e-03
1.173036749995927039e-03
3.006993915450470456e-01
9.108307171970699834e-01
3.817192751359531344e-02
3.649637951558067864e-03
7.370145331050411697e-01
4.497730775382064450e-01
2.348625497363482015e-03
2.454394078337193003e-02
1.385066152799077459e-02
6.444125305449000278e-04
1.493131929580492588e-02
1.074032485375994380e-04
3.309728527261821505e-03
1.578675686612972251e-02
1.955942741310059685e-01
2.670285799064293464e-04
7.578714922199255577e-01
5.903784082299535487e-04
1.194202477819997655e-03
3.318151387149479575e-02
5.046019174650704167e-03
4.703307498097704896e-03
5.655414844530080865e-02
1.732454957157945809e-03
2.117440992127810340e-01
4.541320266166016251e-01
3.399999927627980843e-04
1.429712861006835574e-03
5.512208121245841053e-04
6.014147100456406284e-03
1.813031015019415104e-01
9.672216349307007910e-01
1.273166075290580179e-01
3.334264699404158481e-04
1.713974330603670795e-03
1.705854494217040964e-04
9.131051031362217782e-03
7.051934174574547853e-02
4.184813971095248494e-04
4.244937836357921997e-03
2.281635296777074010e-03
3.075940840489399530e-01
3.510309500201896360e-01
1.239299207753339184e-03
2.751644939677542080e-03
9.778518839134553442e-01
7.458848404465295845e-01
2.260835546576862864e-04
1.733775136838157371e-02
1.425982519039385808e-03
1.444308883065373028e-01
3.431493127354385154e-03
8.626850629904739276e-02
3.137739790027973541e-01
1.649381318693124085e-02
1.775906683534152902e-02
2.399400832722387456e-03
3.819646027887178569e-03
7.803243972843792141e-04
3.414580456452636498e-02
9.366528749797570219e-03
1.332914025675464853e-01
1.446388243433307586e-04
1.670338308575516646e-03
7.191318091516568124e-03
3.489206733031523000e-05
3.629290266837427881e-03
2.356376508674825898e-01
6.700945174655835850e-06
1.814845166503177218e-02
6.431157634285820102e-01
9.670978079541024534e-05
2.303133189976542053e-03
3.758053445694846395e-03
1.817401699293791917e-01
1.451100526537889290e-01
1.536970586974810982e-01
5.790114460697565191e-02
3.467873253962113766e-01
2.044057101875454852e-03
2.311947004631750499e-02
2.376762921640422112e-03
7.991603327979450791e-03
6.690759212935979416e-01
1.681954354300857490e-02
1.239930546268683959e-02
7.166852304786801298e-02
5.418771808633187498e-04
3.831204843183421554e-02
5.658781816077477800e-05
6.837622005034973537e-04
6.209451121094980344e-04
7.151419381051651869e-02
4.389029021827201005e-02
4.354386386938884600e-03
3.631991937632596994e-04
1.943550103709370245e-04
4.758209762406704832e-03
3.714579422359422147e-03
8.756953975318701715e-04
2.706230513239600219e-02
6.888313453508770889e-02
4.163311737808290643e-05
3.721915874318052105e-03
8.543464071988695892e-05
8.189525264371280144e-01
1.640961360859137796e-01
5.743977631161342745e-03
1.133248107067733039e-05
5.122148474001450048e-03
1.545210634801253433e-03
5.165195996190279359e-01
1.722703892734103129e-03
7.312093887034550011e-05
3.057185745651362294e-02
2.426014379207403534e-03
9.217792860877246364e-01
4.624143198010416053e-03
5.248020887471852025e-03
1.442964436614689678e-05
6.932725657119665798e-03
9.368414131095461131e-03
1.933950383044228533e-02
5.618953752429083348e-01
4.193363280995312387e-03
5.036248859484429019e-01
2.902247756537678081e-01
6.154731390242328404e-01
5.636906979812644769e-02
1.158303171974856410e-01
8.298095429452841468e-03
1.449184249010474108e-02
7.646680429299480830e-02
6.081692367053129905e-02
6.091516117076596626e-03
7.573320258350085821e-01
1.998365266240413607e-03
5.163858471053528335e-04
1.356136156901389944e-01
3.620817493543225952e-03
3.653305500990061856e-03
1.424037253992523424e-04
2.287817535471660391e-02
5.383294624217256283e-03
5.933177962751663530e-04
1.519434787854082314e-01
2.388371199691239808e-04
1.009380906971817787e-03
3.015855729863352042e-01
6.582992181443420021e-01
1.636137489171387571e-01
6.658198331902542844e-02
3.320390505306396872e-02
1.321373982960098031e-02
3.766315079083096262e-02
1.561532399670545815e-02
4.504460890566108766e-01
2.505120147469545033e-01
1.327537133347073683e-01
2.544867705571375593e-02
2.136573146674804191e-02
2.717480470644459151e-03
2.912698041864486131e-05
4.207270650370856929e-02
1.059284565767372871e-01
1.461847803300719284e-01
2.272707984643932561e-02
6.978282371251064153e-02
4.017696305163158052e-03
3.860399802488271182e-03
5.571363261020431112e-01
1.023525493482124564e-02
5.931199227167728918e-03
2.910925778258483670e-02
7.029151024055504309e-04
3.522001941794479229e-01
4.115924996993717278e-01
3.326660378670001084e-01
1.491506296505808009e-02
3.546864887000974673e-03
6.490617812176462977e-03
2.165581103495087534e-01
7.595885359887495636e-02
6.425356731947011804e-03
5.014723356575089691e-02
1.773756313831813813e-01
1.427601478522134461e-02
1.915309407457122318e-02
1.772326521478358730e-01
4.043349828559674591e-02
1.970246010100489009e-04
3.646506579883776467e-02
3.758341771180671170e-02
8.893620136613669680e-03
1.580825201567741256e-02
8.519507851032837031e-02
9.885211591162141875e-01
2.983914276764052520e-01
2.460565533785071535e-01
4.827513113518063642e-02
8.213461720462555959e-02
6.365259166861975126e-02
6.377223731472256851e-01
6.367757339937619434e-04
4.445102384759308002e-04
7.868435782009661900e-03
7.227842218909523442e-02
1.174574696910510169e-01
1.308362752532703580e-02
1.833192472133553371e-03
9.493026161160051033e-06
1.139177582636595465e-02
1.347600098161394477e-01
1.685009119110762493e-04
2.609225441548272961e-01
8.257437791723290510e-02
1.043015360443036617e-02
3.761459454724311248e-04
6.167432865831332656e-01
7.565096636055962387e-02
1.382099047980429006e-02
5.293491306509009314e-02
9.145365268283004237e-03
2.788472072428038132e-03
5.473675919085135150e-02
8.177183243707806734e-03
2.333600458896240362e-02
6.681900079163412276e-02
6.598374120150456434e-01
3.505741506982779885e-06
9.364373128211185560e-02
6.585521028894972817e-01
1.359129101993494237e-01
1.038204186899426701e-01
7.335654223820560482e-02
6.698718222690762392e-02
2.961697200139580370e-03
7.373331988854601171e-01
1.828736145148707470e-01
1.751207942210244450e-01
8.822262011958618977e-03
2.758543112239604674e-04
6.592309221004870193e-04
1.226812089807297057e-01
2.897838706601667952e-02
1.519927377324443718e-01
1.092324078635114113e-04
3.427287690800058795e-01
1.229008677095742288e-04
9.397933299909337623e-03
8.764225198543397488e-03
1.057861062761961679e-01
4.527334784882528496e-01
3.022671413965428988e-03
2.400285088082737203e-02
3.468021140014175552e-03
1.002527108208742224e-04
5.622277316073996667e-02
9.027511184770756203e-03
1.337025941372881228e-02
9.989657259640194638e-04
1.847507675965301410e-01
4.211163012509549792e-04
4.428263546865633671e-02
1.692683408652678745e-01
4.186840880179869333e-05
3.901496772891966530e-03
2.048331375587309766e-01
4.712969958132248900e-03
2.446746238467001309e-05
1.982065175399424454e-03
4.851404858358730060e-02
1.917337581490438344e-03
6.194104584203684594e-01
2.282002200777950244e-03
2.308592912237733205e-02
1.235090164673367449e-02
1.935546291057053253e-02
1.294071207089666153e-04
1.598400261744314585e-02
1.612558099784572874e-01
9.651500549044143840e-03
1.396407588274665209e-03
1.203035942521813173e-01
2.019064923648555257e-04
1.910035491959269915e-01
5.040790923934365120e-01
5.740628118266055810e-04
2.929033521470794993e-05
6.274559858271036017e-01
6.728345508773201367e-01
3.258124665986059885e-05
4.512177253626818794e-04
9.421665340582791037e-02
3.221764322164755601e-03
4.953059128594775595e-01
1.676370403633438144e-01
3.381879896007063402e-01
4.623249950144476816e-01
6.839972467573566250e-01
8.323700324345345569e-02
4.531500811332925044e-04
5.244555545242557404e-01
7.126414172521575174e-05
1.764719937849179923e-02
9.448087281252999237e-01
3.093217695542987630e-02
9.434515924270415743e-01
1.007694029083819609e-01
1.061799596581513988e-01
6.810625589688038967e-06
1.908633596507775893e-05
2.593468909073698980e-01
9.970477877329753102e-01
5.977346951279461917e-01
1.347785374914635577e-03
7.110247660257801219e-04
9.607542487751315414e-04
1.605579672377382416e-01
5.789635370298489292e-01
1.540956876796344957e-03
1.909813163940167202e-01
4.622839443594343317e-02
6.901933948972153177e-01
1.171027074391999954e-05
3.529261399807457223e-03
2.391224352554439968e-04
1.533285101268773154e-01
3.369792994594165286e-02
1.008912147366174128e-02
6.020503974310560391e-01
2.185232119448019816e-01
1.071925488322930317e-03
1.615779678879280534e-01
1.228762368974003864e-02
2.528878241474005195e-01
9.980660149608907572e-01
1.033494868284958249e-02
4.845266245678283797e-04
7.684598983764135971e-01
9.716902662042408156e-01
1.753362421542003623e-03
3.900331749153440066e-04
1.067640624208904959e-01
6.448638793806426434e-03
3.228798680673474353e-03
2.667809119311800869e-01
2.184516723675053451e-02
3.423215961832606208e-02
3.176188301637762612e-02
6.455037394535642625e-02
3.125597889886077563e-01
2.640715681895716704e-01
1.707472888318985671e-04
2.959654491907860296e-03
1.329344638192072692e-04
9.890649105218306258e-02
1.522271960831247939e-01
2.968631934217376075e-02
1.313277560009610823e-01
1.338488073005300039e-01
5.347460213250597796e-03
6.264363815987608608e-02
5.925498664531237969e-01
4.025896461127568583e-03
6.373942918169473240e-03
1.198143124898106288e-01
4.583441658596016377e-01
5.871108542686580452e-03
1.405490383161169150e-02
5.789751105341016391e-03
5.451733326097015636e-02
1.400264160230496862e-03
6.977743092816759279e-03
2.232008531474766872e-04
2.720104706053987943e-03
2.611729285674799488e-03
2.907173136561251939e-02
6.877253533236903256e-03
5.904647755609962467e-03
9.398574769362075809e-01
9.717608692875739917e-01
4.360151476679977739e-02
1.083732188443799286e-05
2.222496400874869951e-02
2.433176044620190617e-02
1.898334924308049589e-03
1.409588090822361077e-02
7.146719515303950887e-01
1.821344008649722779e-03
2.845984012379468853e-01
6.798138915862001266e-03
1.504303710286880869e-01
4.593882174419739589e-04
3.934521583077901091e-02
1.756254812693193402e-03
1.196323498126017695e-02
2.678072973695487177e-03
2.185364961360132530e-03
5.566490597373507975e-04
7.522567605974658789e-02
7.979559104406111492e-02
3.093334854614065432e-01
3.232940469524633875e-02
8.562461666769641613e-03
4.446438466132643375e-03
1.536513843558996451e-01
9.357738392932259952e-01
6.258471752414333789e-02
3.695130795091439158e-02
2.110160572327436992e-03
8.932934669959832416e-03
3.994564462509132136e-02
1.614400028843274160e-02
2.241602886950612439e-03
5.990353336792222060e-04
2.499757483806170147e-02
3.753376369836482294e-04
3.582202603932158752e-02
7.964317483615163118e-02
1.096759276615857925e-03
9.598291931084922124e-02
9.619638956879651703e-02
4.343907281594604013e-04
5.317808366214791605e-04
8.439461372322338423e-03
2.259259845773249897e-01
2.066356836269582151e-02
6.365588737748678616e-02
7.498513593217221926e-03
8.275062821670704045e-04
4.857280308220400869e-03
3.132929104704668989e-03
9.793620792850937957e-04
1.393084635551842566e-02
7.799441725622038302e-01
2.216777798259516805e-02
6.424389663283445497e-03
5.111835688721286797e-01
2.760457684556493103e-03
1.249151704774179548e-04
8.326888918837083153e-01
1.750154939845769697e-01
1.029824631418824604e-01
2.094894643292337377e-01
1.131827347645107787e-04
8.710845211119233253e-03
5.835377058754773714e-03
1.253694531550667186e-02
8.430591872273022203e-01
7.285583710752523124e-05
9.865268969808981339e-03
8.613527115587839289e-02
2.006907676366888674e-02
2.244372734360977788e-05
8.740680996231889321e-03
8.763417574351920316e-04
6.700887270720792821e-02
1.672062451446048800e-02
2.180063755498366784e-01
1.162309031917696245e-01
5.280364693793090369e-01
9.513040101526912817e-01
2.651129935240737184e-03
8.029409163688597806e-01
2.015410528048798208e-02
7.401409563362800273e-03
1.170611774753929852e-03
3.317926368846131602e-04
3.351459091789205647e-01
1.312551387575336642e-04
1.252394940157139647e-01
1.133378342230853958e-01
2.002374041731899701e-02
2.854914148280729425e-01
5.180230619818751991e-01
1.075599563767697239e-03
1.805899551113318291e-01
2.156919335876409836e-04
1.498839641692090190e-05
2.176757155553222297e-03
8.474217449972057045e-03
1.374703307632610914e-02
1.465779638819010447e-03
3.605966597606062307e-01
2.486728473802860342e-03
9.741073461644532694e-01
1.405736346572695767e-03
7.587969533204036443e-03
1.016565413710623141e-03
6.171483412876300166e-03
4.997358087766469578e-04
4.097690025557018667e-01
4.061066538959374962e-04
5.342682646002495060e-03
8.522296024330047182e-01
8.057028266670613476e-04
5.411719150140558571e-03
1.487641296437124672e-01
1.127574903170738690e-01
1.236292465963245713e-02
3.031922474039223611e-05
3.337316618638475627e-04
2.988932414595260253e-02
2.726741924880810150e-04
6.378623352832284155e-03
2.036420826371265411e-03
1.676181200550076224e-03
2.120875540307007832e-03
2.450949149199214191e-03
1.145880726602506623e-03
3.927622516230705289e-04
8.804508688699920482e-02
2.710158382750378903e-01
2.749047239133631422e-04
8.401767900210255213e-01
1.227027177952452613e-01
2.334125805919702243e-02
9.283142538016462414e-03
1.010462826756494811e-03
4.070063702865260868e-01
1.757579495953268123e-02
6.362356227190382393e-03
8.913052424474075331e-04
8.080250401484985190e-01
1.259657321223237314e-01
4.085362554113622369e-02
3.248660225459519980e-03
1.118222364482646282e-05
2.773917250567536213e-02
3.120188643343337238e-03
1.404681895034416228e-03
2.722421951060702890e-03
1.072803204133197265e-04
2.397622677893540000e-01
3.042757363139568429e-03
6.518789370957683849e-01
1.372113368825289281e-01
2.391003482264927871e-01
2.547319018908079675e-03
3.118738418560559542e-02
8.270542187280766067e-01
4.070526709090223696e-03
1.834696717905835023e-02
8.772940539986754382e-01
2.748382175036498051e-02
2.339342531607695424e-04
1.887801199763705640e-01
1.681839305856958414e-02
4.460003243472410867e-02
1.173013926537189444e-01
3.102345879874926493e-02
3.069844997956097383e-04
1.271046674234859418e-03
1.668219540832645287e-01
6.390918226252204626e-01
6.398540327037163800e-02
6.176982006017871230e-03
3.609945356047494780e-02
5.437545079187520482e-03
1.948746075334409182e-03
2.343168895117828943e-01
9.676661124024337202e-01
5.265363104371654232e-04
1.296160481819283775e-04
3.135510255338911680e-03
8.510976706094084202e-03
6.540147984707848743e-03
3.014495293930388124e-04
5.261957418912854151e-02
4.298267883983388771e-01
9.612568175759766964e-01
1.043926698155572125e-03
1.511111583646040646e-01
2.200456277633799191e-04
2.510559921571404313e-02
4.743560321476732872e-02
1.310385654340384121e-01
8.778368785307431865e-02
6.191137664228912874e-01
1.334738846184180478e-03
7.202735108158287054e-03
1.471977772039313563e-02
3.985545036652441975e-01
1.958108239901545206e-04
9.002803879566435505e-03
1.359963072401104558e-05
2.118022687510718281e-03
3.332349781212393895e-03
3.216157272386375044e-03
1.829438638018119527e-03
3.557277404816500677e-01
1.245017187157333708e-05
5.584424814393425252e-02
5.288253325933013355e-04
3.557817255148117142e-02
9.475385700336331910e-04
2.316567356981731607e-01
2.589012654444772243e-01
5.386480641040215511e-01
1.091051581656293226e-03
8.360330428331987918e-01
5.188935018272408106e-01
5.373554230052995928e-01
5.161306160949357194e-03
7.047899617362198832e-01
2.518541230451495569e-03
6.885664264327651107e-01
3.159392661813373998e-02
3.455854716272947161e-03
2.608762034462910323e-06
4.691335929339534618e-03
3.964695998427303358e-02
6.089937523189651453e-03
3.954008514631318083e-01
1.260167953128964735e-01
1.557858122800478626e-02
1.292922069304565944e-03
8.717170145023753203e-02
8.245074245439183713e-02
2.527828220687493022e-01
2.158458639002901192e-01
1.985367923814620461e-01
4.310886261519923379e-01
1.310871001640138457e-03
1.057247006356891233e-03
5.041088717818507751e-04
6.800529256671875022e-02
6.663530149196362773e-01
1.202758746023561975e-01
3.191637625154280511e-01
1.331069584438072662e-01
4.339834401679526867e-04
5.100516222235350165e-03
1.984796179838056729e-02
6.780815685936142367e-01
1.805636710114124494e-02
5.743644412848007974e-01
1.169633204202175265e-02
4.149817455393546572e-02
1.054247169353279660e-02
3.174491902136094557e-01
4.768447935970369228e-02
1.007929022649667467e-01
3.203074860513109856e-01
2.231843301136483219e-03
6.170229861267119420e-02
5.288467010227934639e-03
9.680959010996953017e-05
3.737549510728618092e-04
1.598252717154657367e-03
5.698118669263697042e-04
3.843326987848077331e-02
8.447233897415523662e-02
2.182416829324395138e-03
5.577501797768773945e-02
3.016531837468003178e-03
6.651085278675197832e-02
4.466995261127784840e-03
1.317955393962635113e-01
3.978643145905682091e-03
9.996594351708920634e-01
2.171504926238235298e-03
3.981911969721552711e-04
1.408168235180786310e-03
6.912922297609973288e-03
9.828479663952069956e-01
1.025659460673271394e-03
2.886096820346485403e-01
1.008832084937382745e-01
3.998139462496837493e-01
1.614590474405032949e-01
1.827395428894320328e-01
2.057204595185696816e-01
9.771760113668792602e-02
2.308841658645005568e-02
4.246769143061756950e-03
2.562640234313557849e-02
1.470980199423399526e-01
1.380621961160069244e-01
1.308411402123195845e-03
6.637401463390404412e-03
1.177236235026664531e-02
1.745994918815075368e-05
6.293914588728103006e-03
2.263360043734773952e-01
9.754534733012973705e-03
3.737323934567980156e-03
1.012176080445285620e-01
2.607399467869903620e-01
8.609417983781207651e-02
1.859129677405752801e-01
2.417923909626195429e-04
1.274907956998779790e-01
3.962412816008374812e-03
4.869036964413168272e-02
1.247827039001582483e-02
6.262057514026964089e-02
7.947435107220962580e-01
2.348688027422510261e-03
9.240990889342505163e-03
2.887805259757569853e-03
5.708251534153919726e-01
3.230232757010027453e-04
1.829083191308077463e-03
1.663001108498158020e-01
9.201212800042667160e-04
9.354204923340014854e-01
4.088678777315185586e-01
1.891300789476428046e-01
1.128107859116325024e-02
7.459712125926898536e-03
3.436586411532586288e-02
4.228481807124160330e-01
6.588061644564789058e-05
1.966062083840838109e-02
4.790159496498869185e-02
8.252391344511053606e-02
6.342232452883028553e-03
1.345447533679678190e-02
3.843134904287206499e-01
5.043864680457323946e-01
1.973785321657123004e-01
2.699421264083584626e-01
7.947761559057986555e-05
3.375382445083539048e-04
2.363638295172829779e-02
3.453300263714842444e-01
3.691703651227918985e-03
9.352721429669140496e-02
1.416935945713583209e-03
1.414076040084975491e-03
1.513809549666965751e-02
2.413623216336067967e-01
3.406661034948075747e-03
3.794904129523917619e-02
1.355269938750317850e-02
1.417244334946100859e-02
8.623255102996694587e-05
4.894457126603596886e-01
9.592729946101756326e-04
2.802907247250548822e-02
2.562789056465243631e-02
1.842911701212189002e-01
1.146552013752105970e-01
2.211434332549346571e-01
5.839356600459536667e-02
9.256359414376387398e-04
1.830400220782125165e-01
3.916994321669778345e-02
4.831382702306197957e-03
9.155546295251738615e-05
2.287297773358654696e-01
6.053591908435528024e-02
1.265776113883787350e-02
1.278836821926520543e-03
2.022801170474943855e-04
6.849041590435979154e-01
6.260975784389561771e-04
1.947766627652392760e-04
4.228425889523236385e-05
2.577751156228231047e-02
2.519074928630106736e-01
4.106800950685057447e-03
7.933452060301587894e-01
1.907395238396191739e-01
3.358628834439889715e-02
3.482214288968690091e-03
8.786865279835742726e-02
4.970523485475051434e-02
1.745775579124031751e-01
4.389941917912950492e-02
1.875812200909653810e-02
6.955386967584512581e-01
1.568993051809682848e-01
1.452848654172563848e-04
1.189840712561759115e-03
1.877291375844268801e-03
6.190135456808836889e-04
7.538477609593623174e-02
5.375150329346740066e-06
1.704294489681106072e-03
7.301208147135772319e-02
7.175459208953489931e-02
9.659175969559472552e-01
3.693028197177831355e-04
3.177789431317357572e-03
1.292959552635307300e-03
2.772960456684528749e-05
4.321488867331475109e-02
9.465251271639661679e-02
3.556251162939149659e-04
9.868105130683385573e-01
8.322606863349333618e-04
5.146029530588766814e-04
1.556415829102583345e-02
9.848319939193181383e-02
9.006076708930244382e-03
3.621406246499822568e-01
2.952986501456132395e-01
3.227119229456312799e-02
1.449083660570159218e-03
1.310998056224905875e-03
8.029410999945982633e-04
2.659541517412532530e-01
1.116685568580056158e-03
2.179348947116583821e-02
3.923859503564233742e-02
6.992495146172468257e-01
4.248434428591098544e-01
1.182674447145521009e-02
1.922676635758587826e-01
2.613399842208217680e-02
8.872154615447618367e-03
8.279864605248774120e-04
6.900588256682919962e-04
2.102745124410269027e-03
4.964157580048393914e-01
9.687421453375066882e-02
7.519112690266609167e-02
4.165971688690214142e-02
4.702054354441457737e-03
3.789055808596830111e-01
3.650559262284504714e-03
1.362155162200139741e-02
2.304053111783534603e-03
1.224420647971097937e-04
2.102256278248882532e-02
1.718428432470433102e-05
1.117912248048140390e-03
2.877274025872722865e-02
2.962794975606052039e-02
5.300199941037114781e-02
9.476702145517220495e-04
3.036830660037549917e-04
8.075795550729110081e-03
2.874875470678229031e-02
7.164821685408998553e-01
8.506775253819015559e-03
1.523593107161770079e-02
2.256732907345658902e-04
4.330712499391931036e-03
1.303033795984836032e-04
1.866854258802287149e-03
4.689949313674032089e-02
3.667967955787045792e-02
2.629257403430622642e-01
5.345692346905304149e-01
1.300680770268453643e-03
2.707497187845412517e-03
1.500086553401565603e-01
6.159861636089304648e-02
6.963891093253549679e-03
4.174083725618106923e-04
5.012721012935418942e-04
5.183167494278374983e-03
1.315353445712589588e-02
1.414234326018610696e-02
7.273801596199314101e-02
8.083668828319743316e-01
5.092345381270850790e-01
4.899550145815153440e-02
2.264995147996940253e-02
7.150628653389209943e-02
3.788432586937719531e-06
4.166168908149168737e-01
9.531905274302541198e-01
9.149759181329609747e-01
1.525306831013222564e-01
2.004205271679145820e-04
7.228749438047191861e-03
2.574440697861147750e-02
5.431011631080910965e-03
4.246352877392077616e-04
1.674951437647449470e-01
1.961597070129558230e-03
4.883821884015194376e-03
2.043933863801746659e-02
4.798425621871450428e-03
2.876744529283041529e-02
6.799414602023388975e-04
1.417431665387115236e-01
9.849910166329271452e-03
5.576089443362628947e-03
6.150132785729405249e-01
9.001611680207799449e-01
6.515955667987508027e-02
4.443985153048126378e-03
6.983853514102233984e-02
5.656994354043861083e-05
6.282309901832258126e-01
1.270760532863358157e-03
1.459443567389987761e-01
5.175707121643583486e-01
8.437751430311173362e-01
3.275776402086245150e-03
6.247935940748634565e-01
8.595902565805654816e-03
5.055735249554781140e-04
2.469542875386053146e-02
4.496510556819168359e-04
2.399732594971589195e-01
1.984611880676289913e-05
2.006391940297196335e-04
1.661840890931462109e-04
3.853225937054522679e-04
1.874762621848629100e-03
1.034831816921395337e-01
4.011254631578525104e-02
2.231873621759696003e-01
1.743884879482010195e-02
9.197502010448811438e-01
7.688726869539300179e-02
9.385147135960479137e-04
7.324046673630698386e-04
2.459392162026881323e-01
1.081060947046285232e-04
6.095894504299612625e-03
1.690113871561651007e-03
4.198791584079228020e-04
2.227051294632982348e-01
3.096362525554797996e-04
3.293475486197704472e-01
1.531405521603423081e-01
5.620328610591951088e-03
9.122589975818051321e-04
1.439658123501783016e-01
2.827225782844040025e-01
1.923510079003880324e-02
5.158907402524827435e-02
1.368853948545375315e-02
2.179103682258912936e-03
4.651566688203598483e-03
6.084491158208910197e-04
3.795755032800220835e-02
1.164631666659139659e-05
1.435274771510279546e-02
1.891518420623462891e-04
5.929602967164157752e-03
9.363412240933827180e-01
3.515336805357242855e-02
8.077182330681262346e-03
3.631621541782104989e-04
5.975838765400143249e-03
5.480745594413252708e-02
1.793412625745388319e-03
1.940064717125669636e-02
1.266596453308923564e-01
1.765410365332122490e-04
5.895960981701586084e-02
3.146681099731734599e-01
9.967433545036494813e-01
9.298092665214034991e-01
9.899000558089990909e-01
9.868327473961079344e-01
9.903522444201408037e-01
4.783991522687794928e-01
8.337006578384758004e-01
9.015302639102000803e-01
9.969242997984335553e-01
3.026237819282416863e-01
9.625674735204784449e-01
9.615382400510297245e-01
3.679113228312811956e-01
9.972042939627782099e-01
9.806542038582682919e-01
2.702987353015771643e-01
9.861310150144455555e-01
9.542693886995385899e-01
9.693646761969907377e-01
9.587782058065525970e-01
8.596268654921758179e-01
9.993287389768986673e-01
9.907486948563525297e-01
5.721915101600398845e-01
9.836827699145934689e-01
9.680843336760599493e-01
9.191882989711113172e-01
9.577668635783727069e-01
9.889577228294708089e-01
9.076679086614392045e-01
7.995089715995468138e-01
9.843610949699759249e-01
5.878857061404316742e-01
9.947554593024439118e-01
9.995838093430259308e-01
6.629848268807018163e-01
9.949172704284372504e-01
6.669333016921830115e-01
9.713705109245741598e-01
7.525297866327328444e-01
9.340276710885341283e-01
3.021160887793772898e-01
8.475330294161580458e-01
9.757418272863896958e-01
4.869157196617651118e-01
9.472943592897260512e-01
9.482882940992062304e-01
9.507996510037410864e-01
9.977756738488662291e-01
9.983963760439201751e-01
9.752968336616060219e-01
8.558830357783117071e-01
7.108104114257196571e-01
9.928175116296470426e-01
8.777334714179547692e-01
9.706698189789070286e-01
8.188060680864892582e-01
7.809990844621741424e-01
9.990078250036104057e-01
9.249946816403246119e-01
9.908607530769657501e-01
9.888739834132801443e-01
9.968658097638288806e-01
6.345106728226816983e-01
8.284488894733466058e-01
7.735633610490809664e-01
2.625559957998607752e-01
7.270518540439447897e-01
9.518803259089190227e-01
8.751535054775554379e-01
6.148940613060177585e-01
8.679495422446287245e-01
9.529411781709209439e-01
6.319492412935475700e-01
5.962503644647392242e-01
9.975313410333865871e-01
9.194178724487812593e-01
9.942428545140250540e-01
9.464498860034742389e-01
9.995397156455884113e-01
7.848216643631470424e-01
9.794387299322930840e-01
9.601127791324631788e-01
9.795649629905220923e-01
8.804494292978957137e-01
9.443923603283012058e-01
6.034906510846240746e-01
9.321092193196602871e-01
2.682898733944483194e-01
9.449451752345252586e-01
7.740133044230226300e-01
3.391871911048194299e-01
9.926262609101481615e-01
7.964900795047586968e-01
8.746096429913940984e-01
9.451607917500733924e-01
9.015250322466544786e-01
9.481773870197577336e-01
9.938950689140665373e-01
9.567639693291664083e-01
